bestMins = 

    min0: [1 8 10 10]
    min1: [1 9 10 10]
    min2: [1 10 10 10]
    min3: [1 2 10 9]
    min4: [1 3 10 8]
    min5: [1 4 10 7]

bestMins = 

    min0: [20 26 30 30]
    min1: [20 27 30 30]
    min2: [20 28 30 30]
    min3: [20 29 30 30]
    min4: [20 24 30 30]
    min5: [20 25 30 30]

bestMins = 

    min0: [1995 804 155 4999]
    min1: [1995 805 155 4999]
    min2: [1995 800 155 4999]
    min3: [1995 801 155 4999]
    min4: [1995 802 155 4999]
    min5: [1995 803 155 4999]

bestMins = 

    min0: [1920 720 230 4920]
    min1: [1920 720 230 5000]
    min2: [1920 760 230 5000]
    min3: [1920 800 230 5000]
    min4: [1920 840 230 5000]
    min5: [1920 880 230 5000]