bestMins = 

    min0: [1 8 10 10]
    min1: [1 9 10 10]
    min2: [1 10 10 10]
    min3: [1 2 10 9]
    min4: [1 3 10 8]
    min5: [1 4 10 7]

bestMins = 

    min0: [20 26 30 30]
    min1: [20 27 30 30]
    min2: [20 28 30 30]
    min3: [20 29 30 30]
    min4: [20 24 30 30]
    min5: [20 25 30 30]
